# =====
# CALSPEC spectrum, resampled to the wavelength grid of LRS slit
# Extra broadening: x2.25 (<7 microns); x2.25 (>=7 microns)
# =====
# Wavelength (um)	Flux (Jy)
# =====
4.5010000000	0.0248979796
4.5765000000	0.0240956011
4.6537000000	0.0233178708
4.7331000000	0.0225963585
4.8084000000	0.0219841967
4.8792000000	0.0214300518
4.9478000000	0.0208819482
5.0171000000	0.0203176828
5.0850000000	0.0197760137
5.1496000000	0.0192972797
5.2146000000	0.0188596144
5.2794000000	0.0184448758
5.3393000000	0.0180598688
5.3960000000	0.0176946248
5.4533000000	0.0173343570
5.5114000000	0.0169837518
5.5695000000	0.0166469511
5.6266000000	0.0163240553
5.6821000000	0.0160147145
5.7360000000	0.0157193375
5.7886000000	0.0154312338
5.8400000000	0.0151429221
5.8901000000	0.0148654078
5.9395000000	0.0146210176
5.9888000000	0.0144187605
6.0385000000	0.0142393955
6.0888000000	0.0140525813
6.1388000000	0.0138454018
6.1864000000	0.0136299309
6.2314000000	0.0134202744
6.2767000000	0.0132187744
6.3241000000	0.0130316807
6.3717000000	0.0128661870
6.4171000000	0.0127148533
6.4603000000	0.0125666766
6.5031000000	0.0124147985
6.5463000000	0.0122589771
6.5901000000	0.0120991117
6.6341000000	0.0119339958
6.6778000000	0.0117632662
6.7202000000	0.0115962994
6.7608000000	0.0114475660
6.8005000000	0.0113226489
6.8404000000	0.0112152239
6.8804000000	0.0111137379
6.9207000000	0.0110069662
6.9611000000	0.0108930911
7.0013000000	0.0107760862
7.0412000000	0.0106594935
7.0803000000	0.0105463293
7.1188000000	0.0104364145
7.1567000000	0.0103297748
7.1941000000	0.0102258979
7.2312000000	0.0101236555
7.2685000000	0.0100201353
7.3061000000	0.0099112978
7.3433000000	0.0097930555
7.3800000000	0.0096611365
7.4159000000	0.0095210893
7.4518000000	0.0093870521
7.4877000000	0.0092821682
7.5238000000	0.0092168470
7.5597000000	0.0091805149
7.5953000000	0.0091486180
7.6303000000	0.0091042504
7.6649000000	0.0090445193
7.6990000000	0.0089753660
7.7327000000	0.0089025838
7.7663000000	0.0088288971
7.7999000000	0.0087554641
7.8336000000	0.0086825030
7.8673000000	0.0086103478
7.9008000000	0.0085394703
7.9338000000	0.0084704745
7.9665000000	0.0084029027
7.9988000000	0.0083369226
8.0306000000	0.0082726954
8.0622000000	0.0082095895
8.0937000000	0.0081473720
8.1253000000	0.0080856492
8.1571000000	0.0080242291
8.1888000000	0.0079636825
8.2201000000	0.0079045504
8.2510000000	0.0078467644
8.2817000000	0.0077899173
8.3122000000	0.0077340067
8.3428000000	0.0076784976
8.3736000000	0.0076232650
8.4042000000	0.0075690499
8.4348000000	0.0075154503
8.4650000000	0.0074631066
8.4948000000	0.0074119095
8.5244000000	0.0073613966
8.5537000000	0.0073114467
8.5828000000	0.0072611955
8.6116000000	0.0072094476
8.6405000000	0.0071535839
8.6694000000	0.0070923530
8.6984000000	0.0070270539
8.7274000000	0.0069635702
8.7561000000	0.0069102378
8.7847000000	0.0068707172
8.8129000000	0.0068426139
8.8409000000	0.0068186201
8.8687000000	0.0067922558
8.8962000000	0.0067610828
8.9235000000	0.0067257304
8.9509000000	0.0066876391
8.9782000000	0.0066486305
9.0058000000	0.0066090376
9.0332000000	0.0065700227
9.0606000000	0.0065315040
9.0877000000	0.0064939688
9.1145000000	0.0064573561
9.1410000000	0.0064215142
9.1676000000	0.0063857370
9.1943000000	0.0063499184
9.2211000000	0.0063140419
9.2479000000	0.0062782929
9.2745000000	0.0062430051
9.3007000000	0.0062084889
9.3263000000	0.0061750224
9.3517000000	0.0061420828
9.3768000000	0.0061097939
9.4020000000	0.0060776335
9.4272000000	0.0060457233
9.4525000000	0.0060139336
9.4779000000	0.0059822695
9.5034000000	0.0059507469
9.5288000000	0.0059196148
9.5542000000	0.0058887544
9.5795000000	0.0058582756
9.6048000000	0.0058280400
9.6299000000	0.0057982703
9.6546000000	0.0057691913
9.6794000000	0.0057402176
9.7040000000	0.0057116978
9.7284000000	0.0056836341
9.7528000000	0.0056557932
9.7770000000	0.0056283959
9.8010000000	0.0056014355
9.8249000000	0.0055747859
9.8486000000	0.0055485568
9.8723000000	0.0055225221
9.8958000000	0.0054968988
9.9193000000	0.0054714564
9.9429000000	0.0054460885
9.9666000000	0.0054207995
9.9901000000	0.0053959013
10.0138000000	0.0053709721
10.0372000000	0.0053465351
10.0606000000	0.0053222744
10.0838000000	0.0052983876
10.1068000000	0.0052748708
10.1296000000	0.0052517199
10.1524000000	0.0052287207
10.1749000000	0.0052061747
10.1975000000	0.0051836694
10.2200000000	0.0051614014
10.2425000000	0.0051392638
10.2652000000	0.0051170347
10.2879000000	0.0050948609
10.3105000000	0.0050727146
10.3330000000	0.0050503391
10.3552000000	0.0050274707
10.3771000000	0.0050035152
10.3986000000	0.0049779964
10.4200000000	0.0049503500
10.4416000000	0.0049208648
10.4633000000	0.0048914737
10.4852000000	0.0048646588
10.5075000000	0.0048427397
10.5296000000	0.0048268960
10.5517000000	0.0048155223
10.5734000000	0.0048060531
10.5948000000	0.0047959521
10.6160000000	0.0047838667
10.6370000000	0.0047697156
10.6579000000	0.0047538991
10.6790000000	0.0047368589
10.7001000000	0.0047192567
10.7213000000	0.0047013543
10.7424000000	0.0046834954
10.7635000000	0.0046656746
10.7847000000	0.0046478439
10.8056000000	0.0046303483
10.8264000000	0.0046130271
10.8470000000	0.0045959607
10.8676000000	0.0045789892
10.8880000000	0.0045622759
10.9083000000	0.0045457482
10.9287000000	0.0045292505
10.9488000000	0.0045131257
10.9691000000	0.0044969844
10.9895000000	0.0044809260
11.0098000000	0.0044650965
11.0303000000	0.0044492383
11.0507000000	0.0044335295
11.0709000000	0.0044179861
11.0910000000	0.0044024611
11.1108000000	0.0043870232
11.1305000000	0.0043713571
11.1500000000	0.0043552670
11.1694000000	0.0043381721
11.1888000000	0.0043193663
11.2082000000	0.0042981389
11.2276000000	0.0042742892
11.2471000000	0.0042483791
11.2666000000	0.0042223753
11.2862000000	0.0041988480
11.3058000000	0.0041806449
11.3254000000	0.0041689177
11.3450000000	0.0041627981
11.3646000000	0.0041600053
11.3841000000	0.0041576352
11.4034000000	0.0041535617
11.4225000000	0.0041469496
11.4415000000	0.0041379536
11.4602000000	0.0041272650
11.4790000000	0.0041153926
11.4976000000	0.0041030272
11.5163000000	0.0040903210
11.5350000000	0.0040775208
11.5539000000	0.0040645781
11.5727000000	0.0040517357
11.5915000000	0.0040389359
11.6103000000	0.0040261838
11.6290000000	0.0040135444
11.6476000000	0.0040010202
11.6661000000	0.0039886102
11.6845000000	0.0039763141
11.7029000000	0.0039640686
11.7212000000	0.0039519400
11.7395000000	0.0039398615
11.7577000000	0.0039279037
11.7758000000	0.0039160664
11.7939000000	0.0039042839
11.8120000000	0.0038925595
11.8299000000	0.0038810188
11.8478000000	0.0038695280
11.8657000000	0.0038580868
11.8834000000	0.0038468190
11.9013000000	0.0038354677
11.9190000000	0.0038242892
11.9368000000	0.0038130932
11.9546000000	0.0038019428
11.9723000000	0.0037909036
11.9902000000	0.0037797872
12.0080000000	0.0037687774
12.0258000000	0.0037578120
12.0435000000	0.0037469478
12.0611000000	0.0037361804
12.0787000000	0.0037254424
12.0962000000	0.0037147897
12.1136000000	0.0037042111
12.1310000000	0.0036936313
12.1484000000	0.0036830286
12.1656000000	0.0036724851
12.1829000000	0.0036617437
12.2001000000	0.0036507752
12.2173000000	0.0036392535
12.2344000000	0.0036268281
12.2515000000	0.0036128971
12.2686000000	0.0035967627
12.2856000000	0.0035781166
12.3024000000	0.0035572407
12.3193000000	0.0035345841
12.3362000000	0.0035121081
12.3530000000	0.0034922999
12.3696000000	0.0034772767
12.3863000000	0.0034682477
12.4029000000	0.0034651291
12.4195000000	0.0034663922
12.4361000000	0.0034697707
12.4527000000	0.0034729647
12.4694000000	0.0034741976
12.4861000000	0.0034726482
12.5028000000	0.0034682062
12.5195000000	0.0034615233
12.5361000000	0.0034535017
12.5527000000	0.0034449208
12.5690000000	0.0034365441
12.5853000000	0.0034285409
12.6015000000	0.0034210061
12.6176000000	0.0034137950
12.6336000000	0.0034067013
12.6496000000	0.0033994855
12.6656000000	0.0033920360
12.6817000000	0.0033842819
12.6978000000	0.0033762971
12.7139000000	0.0033681538
12.7300000000	0.0033599187
12.7461000000	0.0033516432
12.7623000000	0.0033433097
12.7783000000	0.0033350914
12.7941000000	0.0033269968
12.8099000000	0.0033189260
12.8258000000	0.0033108317
12.8416000000	0.0033028153
12.8574000000	0.0032948259
12.8732000000	0.0032868634
12.8891000000	0.0032788763
12.9050000000	0.0032709167
12.9209000000	0.0032629835
12.9368000000	0.0032550772
12.9526000000	0.0032472473
12.9684000000	0.0032394474
12.9841000000	0.0032317280
12.9996000000	0.0032241395
13.0150000000	0.0032166336
13.0303000000	0.0032092148
13.0457000000	0.0032017886
13.0609000000	0.0031945029
13.0763000000	0.0031871694
13.0915000000	0.0031799783
13.1070000000	0.0031726943
13.1223000000	0.0031655452
13.1378000000	0.0031583341
13.1532000000	0.0031511897
13.1686000000	0.0031440548
13.1838000000	0.0031370163
13.1990000000	0.0031299781
13.2140000000	0.0031230335
13.2289000000	0.0031161392
13.2438000000	0.0031092521
13.2587000000	0.0031023771
13.2735000000	0.0030955631
13.2884000000	0.0030887205
13.3032000000	0.0030819430
13.3181000000	0.0030751393
13.3330000000	0.0030683579
13.3480000000	0.0030615532
13.3629000000	0.0030548166
13.3778000000	0.0030481029
13.3927000000	0.0030414114
13.4075000000	0.0030347884
13.4223000000	0.0030281876
13.4370000000	0.0030216529
13.4517000000	0.0030151392
13.4664000000	0.0030086455
13.4810000000	0.0030022171
13.4956000000	0.0029958088
13.5102000000	0.0029894204
13.5248000000	0.0029830516
13.5393000000	0.0029767450
13.5538000000	0.0029704580
13.5682000000	0.0029642330
13.5827000000	0.0029579834
13.5971000000	0.0029517952
13.6115000000	0.0029456247
13.6258000000	0.0029395158
13.6400000000	0.0029334675
13.6543000000	0.0029273948
13.6686000000	0.0029213402
13.6828000000	0.0029153462
13.6971000000	0.0029093277
13.7114000000	0.0029033284
13.7257000000	0.0028973477
13.7399000000	0.0028914270
13.7543000000	0.0028854413
13.7686000000	0.0028795151
13.7828000000	0.0028736466
13.7971000000	0.0028677541
13.8112000000	0.0028619597
13.8254000000	0.0028561395
13.8393000000	0.0028504570
13.8533000000	0.0028447477
13.8672000000	0.0028390945
13.8811000000	0.0028334558
13.8949000000	0.0028278714
13.9087000000	0.0028222996
13.9224000000	0.0028167787
13.9361000000	0.0028112656
13.9499000000	0.0028057157
13.9635000000	0.0028002437
13.9772000000	0.0027947175
13.9908000000	0.0027891998
14.0046000000	0.0027835384
14.0182000000	0.0027778512
