# =====
# CALSPEC spectrum, resampled to the wavelength grid of LRS slit
# Extra broadening: x2.25 (<7 microns); x2.25 (>=7 microns)
# =====
# Wavelength (um)	Flux (Jy)
# =====
4.5010000000	0.0384415589
4.5765000000	0.0372183327
4.6537000000	0.0360303184
4.7331000000	0.0349233229
4.8084000000	0.0339796544
4.8792000000	0.0331235127
4.9478000000	0.0322765871
5.0171000000	0.0314062746
5.0850000000	0.0305746773
5.1496000000	0.0298424172
5.2146000000	0.0291717283
5.2794000000	0.0285340546
5.3393000000	0.0279424618
5.3960000000	0.0273819235
5.4533000000	0.0268284456
5.5114000000	0.0262885483
5.5695000000	0.0257692800
5.6266000000	0.0252721191
5.6821000000	0.0247963826
5.7360000000	0.0243409214
5.7886000000	0.0238953316
5.8400000000	0.0234508472
5.8901000000	0.0230260277
5.9395000000	0.0226524645
5.9888000000	0.0223404802
6.0385000000	0.0220610784
6.0888000000	0.0217710017
6.1388000000	0.0214524430
6.1864000000	0.0211231539
6.2314000000	0.0208027260
6.2767000000	0.0204928926
6.3241000000	0.0202022042
6.3717000000	0.0199431867
6.4171000000	0.0197070501
6.4603000000	0.0194775079
6.5031000000	0.0192433172
6.5463000000	0.0190035169
6.5901000000	0.0187576499
6.6341000000	0.0185037370
6.6778000000	0.0182416581
6.7202000000	0.0179863767
6.7608000000	0.0177591808
6.8005000000	0.0175667795
6.8404000000	0.0173988606
6.8804000000	0.0172388645
6.9207000000	0.0170712432
6.9611000000	0.0168943930
7.0013000000	0.0167143703
7.0412000000	0.0165354095
7.0803000000	0.0163611282
7.1188000000	0.0161914683
7.1567000000	0.0160272568
7.1941000000	0.0158677485
7.2312000000	0.0157103417
7.2685000000	0.0155501618
7.3061000000	0.0153825356
7.3433000000	0.0152038871
7.3800000000	0.0150084156
7.4159000000	0.0148014859
7.4518000000	0.0145997774
7.4877000000	0.0144354768
7.5238000000	0.0143261213
7.5597000000	0.0142605609
7.5953000000	0.0142048533
7.6303000000	0.0141330322
7.6649000000	0.0140392668
7.6990000000	0.0139318459
7.7327000000	0.0138193357
7.7663000000	0.0137057012
7.7999000000	0.0135924794
7.8336000000	0.0134797607
7.8673000000	0.0133679482
7.9008000000	0.0132579042
7.9338000000	0.0131508259
7.9665000000	0.0130461858
7.9988000000	0.0129442825
8.0306000000	0.0128452689
8.0622000000	0.0127479506
8.0937000000	0.0126517291
8.1253000000	0.0125559478
8.1571000000	0.0124604971
8.1888000000	0.0123664906
8.2201000000	0.0122748411
8.2510000000	0.0121853749
8.2817000000	0.0120973389
8.3122000000	0.0120105858
8.3428000000	0.0119242215
8.3736000000	0.0118381701
8.4042000000	0.0117538554
8.4348000000	0.0116708511
8.4650000000	0.0115900937
8.4948000000	0.0115111535
8.5244000000	0.0114330314
8.5537000000	0.0113554259
8.5828000000	0.0112772038
8.6116000000	0.0111970332
8.6405000000	0.0111114565
8.6694000000	0.0110188247
8.6984000000	0.0109206508
8.7274000000	0.0108246778
8.7561000000	0.0107422598
8.7847000000	0.0106787401
8.8129000000	0.0106316086
8.8409000000	0.0105910977
8.8687000000	0.0105479427
8.8962000000	0.0104982491
8.9235000000	0.0104425483
8.9509000000	0.0103827262
8.9782000000	0.0103214542
9.0058000000	0.0102592239
9.0332000000	0.0101979374
9.0606000000	0.0101375546
9.0877000000	0.0100788268
9.1145000000	0.0100215336
9.1410000000	0.0099653079
9.1676000000	0.0099090100
9.1943000000	0.0098525600
9.2211000000	0.0097960719
9.2479000000	0.0097399219
9.2745000000	0.0096846196
9.3007000000	0.0096306028
9.3263000000	0.0095783055
9.3517000000	0.0095269424
9.3768000000	0.0094766914
9.4020000000	0.0094266478
9.4272000000	0.0093768950
9.4525000000	0.0093272006
9.4779000000	0.0092776337
9.5034000000	0.0092282996
9.5288000000	0.0091796142
9.5542000000	0.0091313842
9.5795000000	0.0090837889
9.6048000000	0.0090366542
9.6299000000	0.0089903680
9.6546000000	0.0089452741
9.6794000000	0.0089004140
9.7040000000	0.0088562623
9.7284000000	0.0088127883
9.7528000000	0.0087696596
9.7770000000	0.0087272948
9.8010000000	0.0086857403
9.8249000000	0.0086447785
9.8486000000	0.0086044922
9.8723000000	0.0085644524
9.8958000000	0.0085249776
9.9193000000	0.0084857571
9.9429000000	0.0084466803
9.9666000000	0.0084077676
9.9901000000	0.0083694749
10.0138000000	0.0083311398
10.0372000000	0.0082935896
10.0606000000	0.0082563800
10.0838000000	0.0082198255
10.1068000000	0.0081838866
10.1296000000	0.0081485078
10.1524000000	0.0081133420
10.1749000000	0.0080788660
10.1975000000	0.0080444782
10.2200000000	0.0080104900
10.2425000000	0.0079767267
10.2652000000	0.0079428339
10.2879000000	0.0079090377
10.3105000000	0.0078753363
10.3330000000	0.0078414249
10.3552000000	0.0078070335
10.3771000000	0.0077713792
10.3986000000	0.0077337900
10.4200000000	0.0076933319
10.4416000000	0.0076501811
10.4633000000	0.0076067821
10.4852000000	0.0075664114
10.5075000000	0.0075322597
10.5296000000	0.0075063638
10.5517000000	0.0074868766
10.5734000000	0.0074705809
10.5948000000	0.0074538972
10.6160000000	0.0074347317
10.6370000000	0.0074127412
10.6579000000	0.0073883481
10.6790000000	0.0073621029
10.7001000000	0.0073349754
10.7213000000	0.0073073510
10.7424000000	0.0072797690
10.7635000000	0.0072522556
10.7847000000	0.0072247895
10.8056000000	0.0071979446
10.8264000000	0.0071714819
10.8470000000	0.0071454965
10.8676000000	0.0071196937
10.8880000000	0.0070942650
10.9083000000	0.0070690467
10.9287000000	0.0070437642
10.9488000000	0.0070189337
10.9691000000	0.0069939758
10.9895000000	0.0069690836
11.0098000000	0.0069445295
11.0303000000	0.0069199525
11.0507000000	0.0068956528
11.0709000000	0.0068716714
11.0910000000	0.0068477961
11.1108000000	0.0068241552
11.1305000000	0.0068003122
11.1500000000	0.0067760428
11.1694000000	0.0067505815
11.1888000000	0.0067229697
11.2082000000	0.0066921990
11.2276000000	0.0066578609
11.2471000000	0.0066205045
11.2666000000	0.0065825571
11.2862000000	0.0065473560
11.3058000000	0.0065188065
11.3254000000	0.0064988074
11.3450000000	0.0064866527
11.3646000000	0.0064796441
11.3841000000	0.0064739053
11.4034000000	0.0064663540
11.4225000000	0.0064555408
11.4415000000	0.0064414518
11.4602000000	0.0064249469
11.4790000000	0.0064066576
11.4976000000	0.0063875778
11.5163000000	0.0063679234
11.5350000000	0.0063480910
11.5539000000	0.0063280348
11.5727000000	0.0063081528
11.5915000000	0.0062883651
11.6103000000	0.0062686809
11.6290000000	0.0062491896
11.6476000000	0.0062298811
11.6661000000	0.0062107365
11.6845000000	0.0061917418
11.7029000000	0.0061727965
11.7212000000	0.0061540114
11.7395000000	0.0061353016
11.7577000000	0.0061167959
11.7758000000	0.0060985062
11.7939000000	0.0060803300
11.8120000000	0.0060622590
11.8299000000	0.0060444674
11.8478000000	0.0060267324
11.8657000000	0.0060090443
11.8834000000	0.0059915980
11.9013000000	0.0059740087
11.9190000000	0.0059566890
11.9368000000	0.0059393608
11.9546000000	0.0059221325
11.9723000000	0.0059051075
11.9902000000	0.0058879919
12.0080000000	0.0058710601
12.0258000000	0.0058542033
12.0435000000	0.0058374958
12.0611000000	0.0058209187
12.0787000000	0.0058043610
12.0962000000	0.0057879106
12.1136000000	0.0057715657
12.1310000000	0.0057552369
12.1484000000	0.0057389266
12.1656000000	0.0057227927
12.1829000000	0.0057064691
12.2001000000	0.0056899488
12.2173000000	0.0056727917
12.2344000000	0.0056545545
12.2515000000	0.0056344350
12.2686000000	0.0056114887
12.2856000000	0.0055852366
12.3024000000	0.0055559296
12.3193000000	0.0055239205
12.3362000000	0.0054916257
12.3530000000	0.0054622425
12.3696000000	0.0054386724
12.3863000000	0.0054227116
12.4029000000	0.0054147685
12.4195000000	0.0054132617
12.4361000000	0.0054154521
12.4527000000	0.0054183209
12.4694000000	0.0054192461
12.4861000000	0.0054168106
12.5028000000	0.0054105789
12.5195000000	0.0054011973
12.5361000000	0.0053897183
12.5527000000	0.0053770725
12.5690000000	0.0053642293
12.5853000000	0.0053514168
12.6015000000	0.0053388756
12.6176000000	0.0053265758
12.6336000000	0.0053144103
12.6496000000	0.0053021807
12.6656000000	0.0052898136
12.6817000000	0.0052772138
12.6978000000	0.0052644789
12.7139000000	0.0052516556
12.7300000000	0.0052387896
12.7461000000	0.0052259161
12.7623000000	0.0052129839
12.7783000000	0.0052002466
12.7941000000	0.0051877087
12.8099000000	0.0051752073
12.8258000000	0.0051626613
12.8416000000	0.0051502205
12.8574000000	0.0051378036
12.8732000000	0.0051254139
12.8891000000	0.0051129795
12.9050000000	0.0051005905
12.9209000000	0.0050882532
12.9368000000	0.0050759729
12.9526000000	0.0050638288
12.9684000000	0.0050517483
12.9841000000	0.0050398098
12.9996000000	0.0050280903
13.0150000000	0.0050165120
13.0303000000	0.0050050746
13.0457000000	0.0049936223
13.0609000000	0.0049823708
13.0763000000	0.0049710175
13.0915000000	0.0049598519
13.1070000000	0.0049485116
13.1223000000	0.0049373630
13.1378000000	0.0049261150
13.1532000000	0.0049149804
13.1686000000	0.0049038743
13.1838000000	0.0048929290
13.1990000000	0.0048819878
13.2140000000	0.0048711912
13.2289000000	0.0048604719
13.2438000000	0.0048497671
13.2587000000	0.0048390903
13.2735000000	0.0048285191
13.2884000000	0.0048179119
13.3032000000	0.0048074072
13.3181000000	0.0047968564
13.3330000000	0.0047863292
13.3480000000	0.0047757557
13.3629000000	0.0047652840
13.3778000000	0.0047548535
13.3927000000	0.0047444717
13.4075000000	0.0047342149
13.4223000000	0.0047240096
13.4370000000	0.0047139160
13.4517000000	0.0047038541
13.4664000000	0.0046938126
13.4810000000	0.0046838566
13.4956000000	0.0046739177
13.5102000000	0.0046640022
13.5248000000	0.0046541180
13.5393000000	0.0046443366
13.5538000000	0.0046345946
13.5682000000	0.0046249523
13.5827000000	0.0046152679
13.5971000000	0.0046056673
13.6115000000	0.0045960780
13.6258000000	0.0045865693
13.6400000000	0.0045771434
13.6543000000	0.0045676733
13.6686000000	0.0045582305
13.6828000000	0.0045488846
13.6971000000	0.0045395062
13.7114000000	0.0045301669
13.7257000000	0.0045208714
13.7399000000	0.0045116905
13.7543000000	0.0045024350
13.7686000000	0.0044932970
13.7828000000	0.0044842660
13.7971000000	0.0044752030
13.8112000000	0.0044662815
13.8254000000	0.0044573000
13.8393000000	0.0044485073
13.8533000000	0.0044396514
13.8672000000	0.0044308678
13.8811000000	0.0044220988
13.8949000000	0.0044134119
13.9087000000	0.0044047454
13.9224000000	0.0043961615
13.9361000000	0.0043875962
13.9499000000	0.0043789846
13.9635000000	0.0043705104
13.9772000000	0.0043619746
13.9908000000	0.0043534810
14.0046000000	0.0043448063
14.0182000000	0.0043361484
